2147483647C
0 0
84461 1
357 1
362 1
2097382 1
1128956 1
173644 1
39036 1
194201 1
109071 1
641256 1
434819 1
151593 1
475204 1
193194 1
1149624 1
474553 1
200117 1
16670 1
196108 1
46532 1
97479 1
143377 1
-97479 -1
143375 1
-143377 -1
143401 1
-143375 -1
143388 1
-143401 -1
143386 1
-143388 -1
14660 1
10996 1
48739 1
12640 1
1493 1
2210 1
12667 1
101391 1
93964 1
63225 1
73298 1
688634 1
976700 1
976700 1
-976700 -1
979655 1
8452 1
91030 1
91028 1
85561 1
343372 1
203448 1
160742 1
412544 1
778568 1
369378 1
178224 1
61958 1
62125 1
46410 1
65667 1
46829 1
48667 1
208245 1
8851676 1
84445 1
48206 1
301 1
47313 1
-301 -1
46436 1
47003 1
47003 1
-47003 -1
17781 1
156554 1
868611 1
46616 1
49042 1
331540 1
152173 1
92878 1
88552 1
46721 1
143212 1
307573 1
114157 1
111290 1
112273 1
108939 1
109028 1
152861 1
48460 1
490369 1
1784423 1
2063617 1
193995 1
138240 1
97241 1
46747 1
301 1
349 1
-301 -1
46923 1
-349 -1
46923 1
-46923 -1
11661 1
46628 1
46472 1
46690 1
46577 1
46502 1
57345 1
262494 1
1783216 1
301 1
119041 1
50103 1
46761 1
11327 1
1784 1
246373 1
46740 1
468301 1
1803413 1
95110 1
1809518 1
1350645 1
49386 1
16081 1
1064369 1
49164 1
301 1
47004 1
283549 1
289905 1
47028 1
47028 1
-47028 -1
1083362 1
129672 1
195405 1
50407 1
1105430 1
135826 1
191981 1
46938 1
126718 1
57526 1
410552 1
46470 1
65397 1
64632 1
74512 1
49950 1
46575 1
89810 1
86138 1
215719 1
93169 1
149455 1
347755 1
302 1
94616 1
1036282 1
98965 1
98987 1
-98965 -1
98972 1
-98987 -1
70331 1
58097 1
99462 1
221911 1
46476 1
361406 1
133708 1
12488 1
124729 1
450972 1
93173 1
331 1
9500 1
10364 1
9560 1
411347 1
83806 1
48971 1
48916 1
-48971 -1
195327 1
2717610 1
269629 1
89487 1
46826 1
47567 1
455324 1
562495 1
114549 1
104579 1
10310 1
56477 1
47965 1
47859 1
-47965 -1
777975 1
493183 1
765609 1
706016 1
473931 1
350685 1
221668 1
148910 1
8180811 1
114829 1
326109 1
345774 1
284113 1
46579 1
92364 1
302 1
46438 1
407073 1
12713 1
115708 1
70474 1
89023 1
663409 1
7553 1
-7553 -1
349534 1
180244 1
99344 1
155553 1
109110 1
285212 1
284325 1
59723 1
39376 1
109548 1
109498 1
110352 1
110024 1
110351 1
111033 1
110549 1
236101 1
111148 1
4740471 1
37313 1
43662 1
36852 1
1019170 1
109650 1
50211 1
4908310 1
167548 1
666943 1
55323 1
109558 1
150800 1
7575 1
-7575 -1
247335 1
111886 1
51383 1
51328 1
-51383 -1
64290 1
110335 1
109716 1
178942 1
66355 1
66108 1
131147 1
145886 1
52206 1
109635 1
105321 1
53502 1
92553 1
92358 1
-92553 -1
224839 1
153349 1
153349 1
198464 1
48877 1
48819 1
178162 1
155672 1
104200 1
301732 1
302 1
50411 1
50617 1
50621 1
-50617 -1
50644 1
-50621 -1
50036 1
49536 1
47922 1
111194 1
111184 1
156616 1
63587 1
290050 1
109138 1
279001 1
48503 1
46422 1
109515 1
59964 1
156851 1
53016 1
144359 1
110221 1
696875 1
70158 1
109074 1
108959 1
155310 1
54374 1
109672 1
66293 1
161868 1
161870 1
698357 1
161869 1
65259 1
158328 1
158309 1
92902 1
109537 1
237525 1
211597 1
50055 1
109032 1
169275 1
50424 1
46410 1
111050 1
148353 1
222367 1
35028 1
35022 1
1995166 1
579 1
437083 1
-579 -1
1905121 1
317182 1
1362348 1
172054 1
3055 1
54725 1
-3055 -1
54650 1
-54725 -1
17396 1
317868 1
8310 1
593707 1
110400 1
323300 1
382979 1
136428 1
136532 1
-136428 -1
136565 1
-136532 -1
151648 1
6334 1
6524 1
-6334 -1
6680 1
-6524 -1
6683 1
-6680 -1
138256 1
-6683 -1
138252 1
-138256 -1
137993 1
-138252 -1
110415 1
286291 1
155934 1
154355 1
154193 1
155621 1
154045 1
389779 1
393563 1
697675 1
19279 1
337363 1
294835 1
78538 1
70762 1
70762 1
71500 1
70795 1
70806 1
70767 1
70820 1
70994 1
71696 1
71020 1
70876 1
71623 1
71023 1
71577 1
70869 1
70894 1
114474 1
110660 1
61414 1
20844 1
70775 1
70886 1
179752 1
179727 1
-179752 -1
52172 1
27281 1
221888 1
268349 1
83838 1
763183 1
-83838 -1
486201 1
338118 1
72408 1
71758 1
179025 1
61485 1
61440 1
23343 1
343408 1
110445 1
292544 1
75952 1
6039 1
288536 1
63757 1
63932 1
243105 1
63628 1
111286 1
108991 1
108822 1
589863 1
63794 1
110268 1
61338 1
6637 1
6582 1
-6637 -1
179699 1
7501 1
53989 1
-7501 -1
1912512 1
-53989 -1
61492 1
20760 1
96762 1
96762 1
-96762 -1
177133 1
15978 1
652040 1
28784 1
21805 1
30652 1
309081 1
112231 1
9573 1
9610 1
-9573 -1
23328 1
58318 1
124726 1
125535 1
125536 1
46406 1
110407 1
47216 1
302 1
47793 1
-302 -1
47768 1
109675 1
108986 1
1598290 1
302 1
46837 1
46866 1
-46837 -1
99870 1
