2147483647C
30689333 37
24612 1
1776 1
-1776 -1
2004 1
1616 1
-1616 -1
-2004 -1
-1913 -1
-2544 -1
-3965 -1
-61397 -1
1868 1
64780 1
-64780 -1
2080 1
1785 1
2275 1
1591 1
-1591 -1
1914 1
-1914 -1
1941 1
-1941 -1
1604 1
-2080 -1
-1785 -1
-1604 -1
-2275 -1
2249 1
416177 1
2065 1
-2065 -1
2353 1
-2353 -1
1628 1
1914 1
2784 1
1909 1
3969 1
-3969 -1
-1909 -1
-2784 -1
-1914 -1
-1628 -1
1628 1
2004 1
-2004 -1
-1628 -1
1882 1
-1882 -1
79010 1
2330 1
1981 1
-2330 -1
-1981 -1
-79010 -1
1965 1
2152 1
1606 1
-1606 -1
1918 1
1940 1
1995166 1
-1940 -1
-1918 -1
1968 1
1905843 1
317182 1
-1968 -1
1994 1
-1994 -1
2286 1
1618 1
75339 1
1785 1
3967 1
1980 1
-1785 -1
-3967 -1
-1980 -1
-75339 -1
-1618 -1
-2286 -1
1925 1
-1925 -1
3255 1
-3255 -1
317868 1
9107 1
2517 1
1937 1
-1937 -1
-2517 -1
323300 1
382979 1
1922 1
-1922 -1
1920 1
-1920 -1
2098 1
-2098 -1
1657 1
-1657 -1
1579 1
1912 1
1912 1
-1579 -1
-1912 -1
-1912 -1
75273 1
-75273 -1
2225 1
-2225 -1
1610 1
2226 1
-2226 -1
-1610 -1
389779 1
393563 1
3642 1
2087 1
-3642 -1
-2087 -1
1605 1
1571 1
-1571 -1
-1605 -1
20079 1
337363 1
1618 1
-1618 -1
1862 1
-1862 -1
1811 1
1572 1
-1572 -1
1899 1
-1899 -1
1593 1
85001 1
338118 1
3003 1
-3003 -1
24143 1
-1593 -1
-85001 -1
1678 1
343408 1
1610 1
-1610 -1
2040 1
-2040 -1
1595 1
2031 1
-2031 -1
-1595 -1
1936 1
1906 1
-1936 -1
-1906 -1
1935 1
1704 1
-1935 -1
-1704 -1
7304 1
1588 1
2805 1
1608 1
-1608 -1
-1588 -1
-2805 -1
1909 1
-1909 -1
1967 1
2801 1
-1967 -1
-2801 -1
2496 1
-2496 -1
1807 1
-1807 -1
1853 1
-1853 -1
2021 1
1904 1
-2021 -1
-1904 -1
1575 1
1677 1
2127 1
-1575 -1
-1677 -1
-2127 -1
2020 1
-2020 -1
309081 1
1709 1
2019 1
1904 1
-1709 -1
-2019 -1
-1904 -1
3659 1
3659 1
-3659 -1
17505258 1
2092 1
1591 1
-1591 -1
-3659 -1
1997 1
1681 1
-1997 -1
-1681 -1
2045 1
2390 1
-2045 -1
1905 1
-1905 -1
-2390 -1
1663 1
1598 1
-1663 -1
-1598 -1
2109 1
4092 1
-2109 -1
1840 1
-1840 -1
-4092 -1
2072 1
1682 1
1757 1
-1682 -1
-1757 -1
-2072 -1
1589 1
3923 1
1575 1
-1589 -1
-3923 -1
-1575 -1
2097 1
1709 1
1756 1
-1709 -1
-1756 -1
1973 1
-1973 -1
-2097 -1
99309 1
2342 1
-2342 -1
-99309 -1
1878 1
2058 1
3260 1
1973 1
1698 1
-1698 -1
-1973 -1
-1878 -1
-2058 -1
-3260 -1
2109 1
1712 1
1647 1
-2109 -1
-1712 -1
-1647 -1
1575 1
1768 1
